past_profits:
- profit: 0.32000000000005
  timestamp: 1646162950.204897
- profit: 0.160000000000025
  timestamp: 1646165131.591111
