past_profits:
- profit: 0.1599999999999966
  timestamp: 1646220781.644996
- profit: 0.4200000000000159
  timestamp: 1646229587.148926
