past_profits:
- profit: 0.1599999999999966
  timestamp: 1646168092.982163
- profit: 0.9599999999999795
  timestamp: 1646173504.270697
