past_trends:
- price: 11.53
  purchase_trend: 96.41
  timestamp: 1645983345.4092
  trend: 100.0
- price: 11.52
  purchase_trend: 96.33
  timestamp: 1645983535.68365
  trend: 99.92
- price: 11.48
  purchase_trend: 95.99
  timestamp: 1645983725.606205
  trend: 99.66
- price: 11.45
  purchase_trend: 95.74
  timestamp: 1645984145.305369
  trend: 99.74
